0.6945115977498174 1.3
0.7208023976886397 1.31
0.7261714296881124 1.32
0.7303374330999326 1.33
0.732780216652612 1.34
0.7354561749157981 1.35
0.7355531276173358 1.36
0.7340039362330154 1.37
0.7321019122723518 1.3800000000000001
0.7293180506952996 1.3900000000000001
0.7253223072994471 1.4000000000000001
0.7188400218853084 1.4100000000000001
0.71143895975224 1.4200000000000002
0.701507585476953 1.4300000000000002
0.6895323287646757 1.4400000000000002
0.6747371714136677 1.4500000000000002
0.6546831624630607 1.4600000000000002
0.630559791381971 1.4700000000000002
0.6037043853011369 1.4800000000000002
