0.7385721762990836 1.3
0.7507614793384535 1.31
0.7543318069710859 1.32
0.7560201665848687 1.33
0.757087540166948 1.34
0.7577366232432248 1.35
0.7572844433254087 1.36
0.7561993047875004 1.37
0.7538985421111333 1.3800000000000001
0.7501644468387187 1.3900000000000001
0.7459697942122498 1.4000000000000001
0.7398488300853228 1.4100000000000001
0.732248860481613 1.4200000000000002
0.7226095643854298 1.4300000000000002
0.7100577052671212 1.4400000000000002
0.6939574274061183 1.4500000000000002
0.6723738760663859 1.4600000000000002
0.6468993506853162 1.4700000000000002
0.6185107401511755 1.4800000000000002
0.5885699488579116 1.4900000000000002
0.5606057613709095 1.5000000000000002
0.5372054244686222 1.5100000000000002
0.5205008163874928 1.5200000000000002
0.5093864648962521 1.5300000000000002
0.5026928131589833 1.5400000000000003
0.4998893825929179 1.5500000000000003
0.5000840163736296 1.5600000000000003
0.5022922979623986 1.5700000000000003
0.506285189293643 1.5800000000000003
0.5112647816076644 1.5900000000000003
0.5167372356163884 1.6000000000000003
0.5226569684833963 1.6100000000000003
0.5289632354767239 1.6200000000000003
0.5350817840661374 1.6300000000000003
0.5412071668731361 1.6400000000000003
0.5468155064232765 1.6500000000000004
0.5522890129891519 1.6600000000000004
0.5574726782624185 1.6700000000000004
0.5625497805980069 1.6800000000000004
0.567215775647086 1.6900000000000004
0.5716530261220047 1.7000000000000004
