0.7536450778562077 1.3
0.7678242402325093 1.31
0.7741826439966408 1.32
0.7772017660797034 1.33
0.7790508305813475 1.34
0.7791416126003781 1.35
0.7782947475431221 1.36
0.7769170939597607 1.37
0.7743887555330853 1.3800000000000001
0.7711081242885307 1.3900000000000001
0.7667071784528993 1.4000000000000001
0.7609421680777768 1.4100000000000001
0.7531563644661476 1.4200000000000002
0.7433586530007418 1.4300000000000002
0.7310902202335644 1.4400000000000002
0.7156312823222662 1.4500000000000002
0.6946133648006655 1.4600000000000002
0.6703402682060929 1.4700000000000002
0.6426946094768508 1.4800000000000002
0.6124776538890186 1.4900000000000002
0.5833653969821216 1.5000000000000002
0.5577792492355056 1.5100000000000002
0.5385339155379256 1.5200000000000002
0.5250921112959309 1.5300000000000002
0.5165099569489604 1.5400000000000003
0.5119640053608627 1.5500000000000003
0.5103135360019141 1.5600000000000003
0.51125780082652 1.5700000000000003
0.513857831013847 1.5800000000000003
0.5177470753621992 1.5900000000000003
0.522200002007008 1.6000000000000003
0.5271643214174488 1.6100000000000003
0.5323832563957543 1.6200000000000003
0.5378475410478714 1.6300000000000003
0.5431771466334288 1.6400000000000003
0.5483823130319392 1.6500000000000004
0.5533051841262066 1.6600000000000004
0.5581322141136607 1.6700000000000004
0.5628710540306728 1.6800000000000004
0.5673723785669224 1.6900000000000004
0.5716530261220047 1.7000000000000004
